27748
79734
78615
71054
27709
79796
27730
76383
78709
72600
27773
73647
75357
27807
79600
27831
77266
77296
78937
27877
78408
79414
82049
79005
77911
27945
27955
79194
27979
78154
82385
28013
80024
76060
79338
28059
74954
77685
79015
28103
78528
76110
28135
28146
75921
73449
28179
74076
78144
76599
77422
71960
28245
78803
74272
78114
78888
75584
77812
78140
72263
76565
73776
28369
75828
28390
28401
79998
79276
76182
76969
86055
28469
81687
78280
81122
28515
74808
28536
75496
73572
80743
83061
28596
28607
28617
28628
28639
79865
28660
28670
78011
28694
28706
78747
80083
79742
74544
28764
76890
77920
83433
78859
73850
28834
82743
78745
75829
28878
83165
74061
79033
28922
79794
75863
75464
82218
78213
28989
83466
29012
80353
76821
76595
29055
77216
81348
76857
80566
74640
80234
80257
29145
80819
79893
77164
80638
29205
82423
80941
29242
78990
29263
76718
81416
78333
29312
81389
79007
81087
81238
78465
29376
74260
83176
78775
88300
78108
79047
29455
77441
77382
79698
78961
29510
80333
83113
78443
29553
82248
29574
29585
29595
29606
77859
29629
77299
81853
83051
76027
29686
29698
89461
29720
73848
79349
80706
82640
29776
75956
81345
29808
29819
79324
29842
87453
80591
81906
77970
29895
77184
77581
80980
29941
77264
78946
81623
80616
30001
85496
30022
80636
80115
30055
81638
77501
81401
80429
81424
81655
30128
81127
80429
30163
77872
78952
30196
82002
30217
80330
87255
82317
77797
80688
75428
77318
30306
79274
81017
30341
78384
80544
77290
85767
80565
76069
84931
78555
30445
30457
30468
79005
77564
79990
30515
80522
80854
82568
81118
83135
30582
30594
81854
81015
81051
30638
83905
30662
77708
30685
80060
30707
81608
84758
30740
30751
86367
81007
76506
78119
30808
30820
79252
30844
78507
30866
30877
81944
75043
76814
30921
80571
30944
81704
79122
78693
30987
75439
31010
86962
81831
82736
82558
82299
31077
81250
31098
81675
86280
79242
81843
31152
81274
83455
80578
81400
81042
80896
80115
82447
31249
82792
31272
80692
79836
31303
84458
83871
80940
78320
86016
81665
82202
77582
31405
84242
82336
78747
86484
80886
31473
79038
82214
80676
84707
81808
31541
80544
88498
87165
87034
31598
81010
77687
31634
82837
78782
77109
82478
85188
31702
89268
84785
31734
79869
31757
85576
69468
31790
31801
83624
31823
78543
77611
81476
31868
79437
31889
85186
31911
83832
31933
79727
83260
83846
31977
81961
84925
85069
78538
79210
82302
76460
83157
32076
32088
75591
76845
81846
89248
32144
80514
87582
32180
32191
32201
83378
78717
82024
84019
79276
78162
83027
82954
32304
32315
83491
32336
86159
32360
81551
81153
32394
32406
80170
76769
83516
32452
82048
84614
32483
79624
83272
82477
85712
85763
83270
81720
32572
81749
83067
81674
82217
79671
32636
79051
76989
79373
81558
32692
32705
32717
84057
83407
32749
82698
79166
80782
82105
83342
80059
83206
82409
79088
83307
86397
84405
90097
32911
32923
32934
76537
82674
83420
83300
87191
33005
78533
83430
79073
81286
82198
33072
83943
33095
33106
79058
33127
33138
88326
83670
87558
33182
78691
83725
84244
33226
33238
86278
82687
33273
82602
85859
86454
86151
81544
33338
88459
80256
33373
85151
84605
33406
84492
33428
33439
82766
83828
85905
86365
33495
81644
80675
79731
83135
33550
80172
80110
33585
85559
33609
82331
81673
89488
33652
33662
86411
78922
33697
33707
82453
89087
81136
85698
85565
82328
83634
87130
83202
82686
78102
81522
78251
79936
87796
90308
84722
82120
80179
82311
33937
33948
86238
84566
33980
33991
86273
82438
78623
80847
82559
82260
34069
84896
34092
82565
88568
80879
84230
81664
87500
83972
34183
81918
34204
82634
34228
91396
83822
86446
83340
82981
84101
84279
87273
82715
84051
89026
81389
83746
84624
85781
80457
84954
34431
34444
83001
88276
85610
34487
80066
85212
85314
34533
82110
81694
83121
34578
34589
86236
34610
81819
83466
34644
34656
82957
82995
34692
34704
34715
82393
83850
81864
34759
83462
86685
84050
79569
34813
84865
34835
80302
88328
86109
87446
86168
86364
34913
86716
85161
34946
34958
84711
85390
34993
35004
35015
86434
35037
85006
82615
35071
35081
81199
88316
84007
35127
86579
89070
86090
35169
85439
35194
35205
87374
35227
85293
88055
81200
81227
90686
35295
81084
80742
84027
84526
88122
83928
88440
87355
35399
81947
35424
76077
83863
82938
82751
35480
87484
84602
83807
84635
82237
88622
35555
84473
35576
89678
85182
35608
87206
81932
83207
85423
35668
90230
83115
86893
84674
85718
35734
82820
83091
35766
87890
83252
35800
87291
83961
86904
35845
84373
87230
87423
85955
85458
86542
84462
87897
35950
86240
35972
35984
83352
36008
85026
92596
36039
87787
90999
83835
36087
85552
82929
87031
85785
88407
82940
36169
88314
89967
36203
86231
85657
91433
36246
85515
86882
83813
91897
86250
81691
89687
36333
83458
83516
86194
89712
85322
87382
86468
36421
36432
36443
36455
36465
36476
93425
36501
82053
36522
86085
84716
36555
90358
87082
36590
89372
86443
86852
85456
36645
81292
36669
36680
85204
36702
85627
36724
84766
85092
36759
82904
36780
36791
36803
36813
36823
84610
85895
36858
88872
84214
94189
84471
36918
86588
87243
87941
87880
36974
36985
82789
85503
87526
86347
87850
82375
89776
37072
37084
92835
37105
88591
86960
87289
37147
37158
87617
83478
93432
86443
37213
37224
37235
37245
37255
87331
37277
85175
37301
89165
88822
37333
86867
88722
85826
87095
37394
88657
88901
37427
84862
84798
37462
37473
87312
79172
86717
37517
37528
37539
37550
37561
37573
37584
84968
91528
37616
89593
37638
37649
87035
88979
86317
88324
91201
37715
37728
85177
87133
37759
83541
85444
37791
81615
91182
37827
37838
97219
37861
91852
88764
85259
37904
93677
37925
37936
88287
86882
89377
91703
86494
86266
84915
89835
85638
84561
38065
91538
89799
82688
38110
89331
90794
38148
86822
89563
93976
88910
92091
38214
38224
88749
87889
90835
92172
90856
82843
87962
88792
86611
38336
90584
89872
91117
90613
38391
85089
38413
91776
92348
90073
38459
89098
86893
91344
87793
38517
89427
88224
91080
38563
38574
89496
89496
38608
88549
38633
38644
97466
93641
38677
89692
93150
89876
38721
88563
84674
86950
91758
38779
93272
38802
38812
38823
38833
91674
89600
86586
51025
74
61
47113
61
53234
61
47988
43244
49948
49558
51101
48411
51366
61
61
61
49074
53368
49111
61
56705
61
46740
61
61
51306
47653
51789
56383
61
54313
49835
61
48906
51351
61
46945
49664
50984
61
50475
48046
53475
46837
61
48530
47740
50004
48448
49259
61
48519
50606
61
46418
61
48565
47617
52578
61
61
61
47510
61
61
51647
50914
61
51238
61
48868
52251
61
46918
47077
55631
61
61
48548
61
50758
52972
46796
52492
48390
61
50607
51013
51780
61
61
53169
49346
48752
52780
61
49983
55187
47443
43562
47257
51957
49064
61
61
47884
61
47152
53499
61
44422
47539
61
51628
61
53774
61
61
48572
61
47998
49312
48575
46176
49497
61
50511
48916
46492
61
61
47095
51478
54248
45501
61
49402
49102
49300
51093
49798
61
47504
52189
61
48535
61
61
61
54926
57425
45982
52750
47552
48568
61
61
49024
49010
47926
49776
49885
61
57015
52355
61
52261
48756
52051
49854
47216
47917
51658
61
50301
53525
51774
61
52063
61
52335
53290
50633
44177
49667
45404
61
52820
49738
50396
51564
50396
48099
51972
52536
54603
55393
50736
45276
49014
61
53508
52718
47372
49043
48885
48654
46627
53633
50782
57826
50665
50133
48241
52441
47709
61
50393
51378
51598
61
51049
52545
49326
61
47329
48827
61
51856
46431
48048
57076
52127
47596
50475
45205
47085
52329
49019
47504
48204
46807
46696
61
61
55439
50226
45719
54570
54718
50683
61
53205
53957
61
61
48146
61
46657
48350
51847
52783
54834
51965
52526
46414
46308
52267
61
51185
61
52234
61
61
49425
47455
61
54090
61
50162
54731
61
45781
61
61
61
61
49543
54167
51001
47569
53489
61
49295
61
49014
47200
61
47288
61
48592
61
46299
50815
61
56002
50860
48463
48888
53940
49087
61
61
61
52160
50211
48172
53858
47992
43293
61
47605
52915
61
61
53189
61
61
53154
61
61
61
48604
53213
53206
61
51716
61
61
61
50880
61
49873
52221
50986
48555
52444
51778
56718
49007
52190
47069
55821
51230
53774
53821
49202
61
50323
45929
51293
48023
61
53207
50840
46154
50148
50766
50476
61
57616
53122
61
48185
46367
61
50971
51646
50306
61
45391
61
61
53264
51284
49260
61
50214
55733
48602
50546
61
61
47214
61
47786
61
53786
46578
47239
55285
51689
61
47279
50101
61
51638
49784
57176
43098
53170
48757
61
61
61
51227
46556
49852
61
61
52514
48146
49731
61
48888
48268
61
61
61
61
48390
45230
61
45998
61
49292
50817
50973
61
46383
53707
47025
46162
46099
54106
47982
50826
61
53755
48287
61
52866
54824
50811
52697
61
61
51439
52797
46547
52299
50471
47972
46809
51700
48682
49487
61
49873
61
52983
50438
49630
49359
50504
53583
61
52445
52499
61
61
42917
50354
61
52595
50379
61
61
45578
50464
61
61
49198
48980
61
52454
51542
52753
47876
49835
54116
48835
61
53663
61
61
51090
61
50265
53090
49487
51422
52495
47699
52299
51081
46386
48514
46101
56197
51171
47326
61
61
48216
46775
52950
52051
61
51667
52492
61
61
48960
44180
51793
48501
52354
47605
51838
56620
53984
47985
52761
53311
61
61
49845
50070
61
51620
45293
47981
47579
53257
50998
55094
61
50107
48555
51636
51143
61
48029
51763
45928
61
50369
61
45602
51804
61
47175
53360
50658
61
61
61
61
52930
61
53300
61
52111
51221
50463
61
61
46743
44366
46500
44684
49397
61
61
53689
49967
61
47811
61
49632
52245
61
61
49867
50034
53017
51169
48979
61
61
61
61
50437
46111
61
47052
49740
61
48161
61
50715
50086
52063
53061
51051
61
61
53160
52307
61
50928
51773
50466
49205
46492
45691
61
48351
48376
51180
44322
49565
47728
49175
53945
45897
48754
51966
49321
44829
53194
56193
50493
49204
53356
49874
49650
61
61
47690
49558
50286
61
47667
56275
61
47966
46883
61
51469
61
50019
47617
49871
50155
61
61
50656
49330
50695
48381
49140
45536
46063
61
50521
61
56216
61
51555
61
61
48608
49987
61
48958
61
56148
49551
61
48423
56235
52029
49578
61
61
50683
50620
51107
53265
44086
52055
49162
51694
61
61
53138
47809
43224
48797
47115
51681
54151
49561
61
61
46460
51863
61
52452
46496
61
61
61
54208
61
53173
61
51184
61
50081
61
48596
48915
61
49984
48375
50125
49766
50689
48598
47344
46108
50340
61
47026
49159
61
49654
61
55842
50284
61
53216
53742
49172
61
52462
51602
53715
52507
46844
47085
45494
61
61
61
61
52934
61
49579
61
61
61
61
61
61
53027
61
61
55045
61
61
50478
61
50120
61
61
61
50231
61
61
51985
47723
52487
61
49187
52485
47075
49805
49388
61
49446
61
47583
50565
49549
61
46249
61
61
48975
61
48093
48406
61
46196
61
61
50471
51698
61
47837
49111
50033
53664
48461
49659
61
49131
48787
61
61
44149
53144
52878
51564
49649
61
48703
51011
49762
48241
46973
51102
49007
49042
61
54970
50214
50236
61
50509
61
50019
49301
61
61
61
61
50179
48963
45624
47946
61
50620
51560
50030
49582
51426
48519
49775
47742
52127
61
51711
48933
52057
54137
50905
50360
61
48960
50196
61
46946
48843
61
55812
47293
55471
48218
47136
61
47206
54081
51076
44116
49130
55867
48497
49614
48778
48376
53953
51340
49573
56924
51283
43874
46837
47269
50795
51169
47480
54042
45300
47426
61
55823
48795
45915
50839
47186
61
61
48559
49716
46956
51866
47659
48174
61
43294
46883
44652
49996
55847
52039
49426
61
61
48212
51650
50778
53948
61
61
61
49704
49731
49328
61
61
61
61
48346
61
52298
51576
52811
61
51888
46748
50163
53411
53972
51686
61
44501
48471
52911
49349
61
46885
61
55848
61
61
46295
61
48974
61
56658
54656
52608
61
61
