34886
86873
34837
83385
88037
83804
34886
85855
79747
82216
80793
34945
85228
81540
85427
84412
35002
86084
83697
85557
86564
35068
85955
87333
35109
86849
91454
35143
80430
84941
87593
84993
35203
88466
89499
84625
35250
87363
88782
81659
86176
83071
35321
78891
35342
87195
84570
35385
35402
81418
35424
85595
35448
35458
86720
35482
35493
35505
35522
35534
83203
86557
85962
86172
35593
83650
87811
83150
35648
35661
89095
35684
84182
35708
86416
35732
35743
89288
87130
88027
87396
35804
94456
82651
83241
85886
87225
86885
89233
78667
35918
35931
90183
35956
85603
89885
85888
87896
85681
89474
36047
36059
84220
85054
36092
36103
36119
82232
90610
36155
36169
81903
84057
85748
85655
90850
36241
36252
87381
87405
89493
85757
87041
36326
36339
36350
86933
88383
87419
36398
89406
36422
36433
88863
89306
36470
36481
85984
91369
36517
87679
89022
36557
86787
86478
85554
85551
36613
85857
84539
86855
85038
85593
89917
84258
36704
90064
86520
83892
36747
88357
36770
36784
36796
36806
36818
36831
88110
83811
83903
36879
86065
82245
91147
83881
87280
36958
36969
36981
82771
85041
86155
85114
37040
84328
37063
88125
37086
86072
86091
85944
37132
88541
89924
37165
87780
37188
37199
90055
89188
87576
88572
85753
86228
82722
37304
37317
90597
88371
89149
83736
37381
84868
84608
37416
82572
84464
37456
37467
83079
91174
88340
90514
87219
87450
83525
86400
86196
84148
37595
82257
85822
88396
37643
37654
37668
84276
37692
84747
87391
83571
91929
37751
37762
92121
37787
37799
87908
88157
89764
90557
85252
88760
91910
37892
88005
92585
88158
37939
84869
84996
82911
37985
86849
89396
38025
86099
90968
87020
86403
87542
38104
88944
90804
82581
38153
90252
38181
89138
92083
88518
38225
88430
90778
93423
93142
88986
38294
38307
90598
38330
38341
38351
88833
89588
38389
87433
86692
38427
92289
38451
90782
90128
85079
38496
91941
91729
87875
38542
38554
38565
87071
91948
38603
82406
88577
38638
90282
90084
86581
38685
38702
94304
85854
38743
86716
38766
91923
89566
84891
88896
38821
88842
89071
88662
89477
87411
85200
38905
76607
38928
38938
90762
38960
87795
94704
90992
39008
39021
92322
91740
39057
87880
39083
86247
39106
86843
39128
92866
85670
86343
94402
90817
89267
85714
82721
83975
39254
92031
89451
88102
89489
39315
39325
90496
39349
89152
39371
86402
91847
87489
84403
89465
39438
90616
90276
93283
39485
88675
39506
39518
39534
87709
88788
90324
87359
39590
85924
86839
83604
87430
88455
92589
89182
88849
91633
92356
39723
88589
85683
90510
39774
39785
89835
88686
39822
88424
93314
91188
86619
90823
39896
89608
39922
39938
92872
92367
90714
88614
93054
40011
93107
93969
40048
40058
82928
90377
87803
91736
90174
90979
86982
78398
93036
92639
90307
88030
40218
86182
40241
40254
90044
94337
89068
40305
40317
90856
40347
94524
40374
90090
86611
40407
88057
93582
93280
88912
86509
88577
85765
91354
86576
40531
89361
92403
88134
88919
90957
92765
93495
87342
88775
87805
86861
86674
92769
88241
92486
88182
91172
95761
92549
92068
90326
90911
93530
87813
83966
95357
89585
96219
40872
40883
92097
90404
90661
40929
88176
94364
91720
88946
92691
86869
90163
91334
41037
41051
89446
41072
41082
93372
41105
90033
94259
41138
89573
97342
89090
91316
93500
41211
89148
41234
41245
88010
41268
88795
94630
91102
41315
89049
89145
89768
41362
98530
41383
93580
41406
90114
91235
88496
87147
89895
41477
89862
90873
92386
94213
41537
93376
95071
88510
88469
41594
41607
89818
91415
94647
92648
41670
41682
94794
93952
91275
89158
89535
90903
88201
41782
41794
41809
92526
92380
90344
91784
91117
89018
92283
96983
92705
89198
90001
41952
89232
89661
41991
42002
91603
42025
42037
89676
42058
42071
93681
89700
98319
95473
86106
91260
94391
93150
42179
97112
94789
96970
92243
42236
42248
42259
1944
89971
88097
42309
42322
92792
42345
98512
92425
88666
95127
96298
42419
42431
87872
91158
42472
95251
91059
95572
94488
42534
91338
94491
93360
42577
90984
97265
42610
42623
91619
92246
93454
89377
42687
90447
89284
87870
42737
94195
42761
42773
94788
42794
92531
94487
95987
93955
42851
42863
90974
42886
90236
42911
91010
95612
42949
42962
97083
95290
43002
92936
43026
43036
92752
91502
90038
43083
43094
93383
43115
90092
43142
43152
93761
89037
90472
94506
43215
90668
96427
90073
94174
96931
95733
43300
43310
95455
97109
43347
43359
98301
43387
92184
94025
90957
43439
43450
43462
96483
90599
43495
93336
96855
93949
43542
93612
97054
89656
43589
89923
1246
43624
95944
43645
96082
96221
43677
43689
43699
97502
94227
95467
43746
43758
43769
94285
43795
43809
92076
43838
86654
96966
43877
93646
94172
93993
95615
43935
43947
43964
92095
43991
44004
92416
93626
44039
93124
94961
93273
44089
44100
97195
96939
92000
44145
94230
98178
44176
88992
44198
93629
93958
44230
1908
95172
97524
44273
44285
991
94760
93031
92859
44350
44363
92837
95431
97429
96610
95148
93119
98958
98082
88322
44485
93924
94227
44518
44532
44542
44553
94162
44575
99004
91911
89493
94454
86313
97389
2984
93633
92901
96427
92147
894
92729
95250
91830
44766
44779
44789
94175
44810
98557
95464
44846
93305
94975
94853
44900
90682
44922
95870
97532
92170
92111
96093
92415
98990
90259
93894
45043
816
93802
90934
95870
97845
45116
45127
93635
93407
92056
96978
92782
93308
96906
92629
96944
89833
95188
96476
92790
95599
45299
96706
93691
96052
99234
45359
90273
95894
92348
93070
92062
95853
95108
92229
45463
94812
97123
89998
45513
94693
45541
90039
96330
95543
94555
97028
96963
96259
94055
45658
98976
98580
96591
92402
95865
92685
96986
97038
45768
92959
2387
93586
95250
4633
45835
91784
96860
45870
99566
45894
1375
45917
45928
94637
96882
45961
91972
96630
46001
89470
92006
3171
46049
97514
96411
91437
98109
92648
95463
322
96866
93245
46172
46189
95688
94818
98480
46233
96570
98195
95818
98736
95723
95918
93483
95625
46352
96604
46376
94083
96445
46417
46428
46439
46451
96822
46474
46487
94383
95804
46520
46534
46546
92867
97409
46580
46590
99059
97487
95488
98170
46650
46660
217
93540
94571
96392
93990
89290
95127
92122
46769
46782
93323
93598
46815
96445
46837
56883
8868
56821
4718
4903
10674
56866
61
6776
4523
7705
2467
2900
3524
56966
5991
10297
57003
57015
8544
11179
57054
57065
9313
57087
8828
13433
8932
57140
5105
57169
57186
4080
6812
57225
9336
10754
57259
57273
57284
5765
4788
11534
57329
6134
11191
5827
7515
57400
8010
9917
4998
9970
11299
8489
8971
57504
5518
12322
7305
5756
8738
57577
10800
7392
10235
8035
11247
57658
57669
9853
57692
5505
9483
7553
57741
57753
9488
57786
57802
7097
4592
10554
13453
7478
5985
57881
12529
7954
2946
4183
12653
9633
8955
57973
57984
9870
58009
5500
7718
9611
11311
7306
11546
7251
58106
8539
58131
6075
58154
58168
8635
58197
58216
9486
5144
58252
7841
3717
58294
7298
10326
7865
58340
11348
13642
58373
58384
11246
13503
58421
10180
10332
7560
58472
3356
58494
58509
58522
58534
7497
58559
7803
58581
8812
7861
10915
58632
10845
6494
12021
58685
58697
58712
58724
6978
8990
12227
58779
9934
58803
8357
18577
58835
10246
9858
58871
10441
8578
10462
12898
8783
12965
58964
58975
7640
4609
6289
7233
59036
11706
6371
7862
10735
5672
59118
59128
6682
8133
59161
11553
6832
10512
9539
59219
7716
8877
4685
7278
59277
12158
6538
12208
59324
13495
11612
11428
6908
59385
59395
59406
8520
4957
10129
10575
7496
12477
59491
9413
11705
8363
14400
59556
14172
59582
59598
59608
59620
59632
8075
59657
6711
59679
4640
13895
59723
10131
10167
59754
13020
8770
10120
10783
12520
7215
10723
9408
59859
11006
12220
59895
59906
10763
9510
59941
59953
7617
7490
13420
60005
60018
8982
7180
9504
60065
10906
60092
4544
10259
10057
60143
8982
11402
60180
9029
10778
15384
8347
10948
8692
60276
9683
60303
9606
10796
11551
15675
11895
13046
14179
9382
60417
12088
7039
15115
11315
60482
60495
9181
60519
11098
6310
60560
14885
8137
60597
12240
60619
10907
13891
60654
10704
10939
6556
60700
5019
60730
60743
7879
10854
11482
60792
11031
6897
60832
8967
60856
60872
60882
11140
60905
6245
7636
6703
10567
60959
8528
8903
13656
9547
61022
61036
8200
61059
11218
14009
61100
61111
11384
61135
9241
10981
61169
61180
13863
6853
13611
10485
61237
61249
5956
10472
61284
12460
7800
11106
61325
61336
6710
61362
12037
61389
10201
61417
2461
11207
15883
9798
10702
61496
61508
10753
12289
12456
4069
61566
15223
8553
7701
9821
15669
61637
61647
12267
11372
16446
61695
61705
61718
61729
61742
13718
8467
10793
61787
61800
61812
13169
13565
61851
10884
11573
61886
61898
9749
13351
14332
13086
10579
15018
10874
14375
62004
7138
62027
62042
9785
12514
12393
62087
62098
62111
14996
62144
16636
7277
12584
6744
14899
10033
13902
62240
62253
9279
10714
14186
11205
62310
9043
62336
11775
62362
62374
62385
62398
62410
10010
7635
10537
14080
13315
8538
13575
13582
13284
62536
14815
14393
62573
9305
10738
10621
9321
11077
14940
62660
13325
62688
10625
14516
14029
62742
62753
15491
62776
5927
62801
11546
14424
16034
13789
17897
62874
16224
12296
7694
14303
17197
10779
8831
62977
13295
62998
9275
63021
63033
63044
63056
63067
11996
16221
63109
7721
9944
11657
63158
14348
11209
15994
13304
14022
9808
9678
7873
63262
12059
15878
12836
14531
63320
6973
10471
12707
8737
12421
63388
63398
16367
14530
12351
18121
10483
10181
13863
63501
16930
14768
63546
17368
14704
63581
9161
63606
14411
63634
14430
63659
12678
17612
16654
63712
63724
63735
18846
63757
19841
14649
63790
14114
17353
13360
63839
11201
18188
15783
63891
14821
63912
16246
16891
63948
16735
63969
63980
15857
19202
64020
14259
64045
11661
20281
14489
64093
64104
64115
12950
14267
11505
64165
18934
10298
17415
13106
64226
15677
11935
17268
64278
15915
12245
15861
64325
64336
17153
10299
64372
19785
13248
13309
64422
13621
11905
16114
64466
64477
64489
18535
16450
5172
12961
64557
15861
18553
14357
14605
11579
12686
17215
10827
8216
11243
9829
13382
64709
16308
64738
64748
11160
16574
64782
11896
13651
14819
64834
13429
64857
13836
12967
16016
14188
17011
64930
17248
13474
16331
13295
15056
14710
15644
11997
65041
17154
65069
65086
12452
65108
14127
21697
12968
16888
20100
12935
14300
65200
19789
65223
18177
65244
65255
65266
17410
19063
15486
15327
10060
20531
65346
65358
8601
20929
15347
10787
65420
17527
15384
20437
13352
13373
18630
65500
19377
13843
17158
16089
65556
65567
10727
17062
19744
16586
15062
13810
65650
19454
65672
65685
65702
13154
16586
65738
65752
18404
11962
65786
15052
14722
65819
13022
15600
65858
7708
13338
15954
17863
23380
65928
15152
15923
19565
18116
12580
65997
66008
14744
12173
14915
66054
66064
10223
15403
66105
20131
16944
11469
66159
9878
66182
23860
17124
17973
15602
66239
16447
16710
66272
66284
17694
15682
66318
19157
66342
15261
11932
66381
66392
16963
66415
16343
66438
66449
15771
11510
11605
17747
66509
13607
13953
13890
15624
18311
15837
15872
66607
22840
66629
15424
15093
66664
13908
22098
14856
66712
15424
19016
14894
12447
20685
22591
15232
16912
15537
66833
9272
66855
66868
15738
22919
16537
66919
66929
14141
66954
13104
66977
66993
16609
67017
25545
67040
67051
14187
20370
14583
10184
16423
67124
21430
15261
67163
67176
67187
17235
16856
17072
67232
67242
18312
67271
67281
17557
19442
67318
67328
16982
19928
21264
19947
11934
17053
67404
13002
16761
67438
11947
16901
67471
19309
14181
67506
20869
67531
67545
67557
22766
67586
67598
20507
67620
14326
67645
14610
18911
18963
14664
67702
67714
67726
67737
26560
67762
13711
16468
67797
18243
67820
14164
67842
67853
16563
18809
19486
13898
18557
67923
21351
18694
15680
67970
20494
67994
19282
17478
25492
19278
13499
11474
68075
18338
17173
17125
16467
68137
20686
20101
16130
18529
68204
19392
15383
16470
18009
18173
13092
17329
18343
17446
18590
16971
17615
18083
68376
17003
68399
68410
18600
12724
68446
17490
14661
14327
20956
17612
15110
17036
19496
19571
20810
17510
68592
17016
18553
20889
68645
20871
15178
16050
16926
16484
18061
19291
68741
17422
68769
68783
68794
13856
68817
18437
18261
18105
19302
17127
16204
68898
21127
68928
18837
16945
68962
17930
70319
22304
70257
18154
18340
24111
70304
21278
20428
17642
18459
70372
19596
16968
22629
70423
23741
19495
29967
27112
20785
70495
21382
70522
70533
23850
70558
22384
15860
21575
18639
21918
70640
17535
20267
70676
70693
18666
70721
20827
20791
24469
70770
70783
19593
14540
70826
21421
70848
70859
21030
18163
20391
20718
14841
24756
21946
17408
70960
70973
25189
70997
21399
18717
18486
19853
23247
71068
26848
71097
24534
71124
16152
71148
25639
71173
22957
21027
21049
19475
22835
22395
29894
71267
24386
20575
19992
24032
71324
21258
26474
18741
71371
71383
71395
21039
71420
17940
71441
25618
25741
16636
21609
24559
71511
71524
71535
71549
19472
71570
23123
19045
22027
71619
19563
71642
23925
19434
71678
17220
23633
23228
18764
23160
19744
71770
23833
22365
23521
22855
21573
71847
71858
23024
24298
20368
23975
71921
20768
22929
23092
71969
71981
71992
23941
72015
21633
22071
20027
19968
22296
72089
72100
25346
26158
72134
24137
21952
72170
20037
23789
16409
72214
25689
72236
26177
72260
72272
19239
21490
72312
72323
72335
72345
24668
22978
72378
21382
20930
22751
22567
24459
27782
72463
19755
72489
72502
72513
19837
21519
21372
72560
23970
28067
72594
72607
72617
20557
25484
72650
72661
22985
21478
20479
72710
25206
23922
72746
26026
23800
24577
72794
20792
29831
24892
24707
72849
22564
25565
72889
72900
21240
26608
23772
25946
22650
22882
18957
21832
21628
19580
73028
17689
21253
23827
73074
16783
20718
73116
73127
25862
19001
27359
73181
23596
23631
15445
23638
25417
18916
23582
20677
73294
27336
26567
73334
25684
23022
73371
20421
23584
73411
27531
20402
73450
21524
73472
73482
22266
21829
22967
73529
22072
26230
18007
23724
25677
24400
25305
25127
24869
20411
28000
26205
28849
28568
73709
19507
23844
26025
23148
73769
26910
23427
25017
73819
25362
73842
73854
27716
73878
26210
25475
20507
23832
27368
73945
73956
20416
73977
26811
24568
23992
27378
28355
74051
74062
21081
74086
25265
27820
27877
23269
74139
24412
20029
74173
74190
16766
25406
24361
19679
26675
25700
31837
27354
22136
19326
22391
25256
74358
74369
26192
24964
23226
30135
74426
74439
23850
24615
30145
23025
74496
74508
23193
24363
74546
20625
27637
23436
24924
74616
22725
28981
23885
74661
74673
26261
27096
17754
27836
74739
30294
22723
30528
21647
74799
74812
28840
74846
74863
74877
25305
74900
74913
23300
28560
26051
74964
20144
27169
22756
75013
26103
22272
24636
27203
22875
75086
21200
23915
28050
25861
24312
27097
24343
75188
24054
21148
25974
75235
26328
25300
75274
75284
25240
21639
75317
26670
75338
75350
21759
23375
75389
23246
25799
25003
24745
25903
75473
75485
29434
24116
23664
24202
29255
75555
28101
29365
23818
27415
24556
21042
28101
75652
24093
21670
22798
75699
21651
23538
75740
75751
30152
25097
75786
75797
24713
75818
22550
27554
25282
75868
25197
75892
26925
75916
75931
31052
23844
75968
27747
75991
76002
22729
28914
28027
76048
27894
28114
24602
24237
23267
22820
24575
22761
24520
76179
28153
76203
24925
29476
76237
76249
76260
26281
76283
27854
21540
24564
76332
28292
76357
25869
26128
76396
23643
29830
27186
24411
22535
25626
21895
29363
22050
76530
31991
76554
24818
76582
22575
76619
25462
25047
26846
25179
24882
27874
76704
28210
25192
31195
23507
76765
24294
30131
26606
29601
76835
24655
28080
76870
20525
27862
26261
76919
76930
30738
26931
21478
76981
25914
77014
26395
27909
28700
27713
28900
30596
24429
23479
22916
77133
27693
29429
26948
77177
77188
31514
22615
28004
30330
29489
77254
27751
30229
77287
26443
23742
77323
26577
25635
28230
28765
77383
77393
77405
26661
24547
27833
32533
28256
24749
25554
17896
24785
25213
77542
77553
27156
29448
77596
77610
28271
28399
30311
25953
27412
28091
21671
27626
26732
77741
27712
77765
77780
77791
77804
31027
21617
28477
77858
77873
77888
26338
28373
30482
30093
77945
27715
26577
24260
32106
26555
31250
78033
26941
26755
27254
30850
26296
24129
78119
29821
26936
30088
78165
28735
29864
31406
22238
30220
27339
29884
78262
78273
78286
26045
31018
78326
27923
29255
29949
24676
25951
26896
22939
22873
25858
78444
27418
28464
25408
78498
78513
30637
26000
78546
23372
28587
78580
27127
78606
28362
23044
29612
29143
29304
27225
25982
24760
29006
78739
25714
31637
27322
27206
27195
25458
26646
30567
33780
26617
78869
78882
31295
78908
31862
24544
25778
27069
78971
24472
25146
23750
79022
79035
28304
79059
79070
27840
30726
28048
31217
29075
34128
27043
79168
25799
79189
33066
79210
30847
79235
79249
26076
36208
79284
31721
31859
32825
23396
26354
29094
79362
79372
79385
31760
79411
35286
26497
26699
32547
79468
79480
30969
31889
27864
28618
25678
79553
79564
29984
31222
28286
32586
29031
25125
31648
31157
79669
28226
79692
35550
28417
30716
35682
79749
79759
25565
79787
28440
30760
24627
79834
26759
30899
32064
28862
79892
29740
25537
36625
79944
26253
29925
29217
30072
21549
32071
80029
30106
25616
80070
31754
30404
30078
29640
80132
80143
25193
25287
30264
29790
29478
34632
30296
25122
30553
80265
29174
30421
80299
80311
27792
31213
80344
28267
32263
28264
32362
80407
28566
80430
34356
28977
31863
30029
28931
28815
34402
80522
26308
28210
80558
24382
27356
27799
27739
25152
80624
34620
25888
28026
80672
32275
29429
26559
31496
33471
80743
34395
32069
30092
80793
35100
27330
27865
80847
31207
30811
30743
33560
31223
31985
80940
32543
32948
26040
28312
30629
29098
28193
30838
33625
81062
81072
31561
29380
81106
33353
81129
81144
81155
28419
31940
30508
30161
30129
29028
29091
30167
30336
81271
28440
33332
32898
33148
81330
29341
81356
81372
31318
30876
81420
33981
81444
28642
81469
32723
29434
31337
81521
81535
32118
30648
29860
81578
32233
34920
35026
32368
29354
28343
81661
31033
31149
39163
81711
27168
25143
81743
35822
29305
81784
81795
34065
81820
31438
35016
31252
32393
31486
33236
32132
32075
37269
81940
34769
81962
81975
35724
35139
29061
32383
82034
27702
29943
82067
82079
28228
82101
28422
32964
29632
31616
32042
28766
34590
82210
82221
82233
28994
35357
32185
31592
32110
82302
82314
82326
28867
29142
82359
36012
31117
31067
31207
33209
82443
31428
83632
35619
83573
31470
31656
37428
83621
83636
28487
83660
83670
39257
29656
35486
34167
36025
83741
32951
32434
83776
83791
83803
34690
38190
83838
37153
34657
83871
38138
34877
83913
83924
83940
30835
33567
34899
33817
84000
31967
84022
34127
34091
27621
30017
35925
32890
27836
84122
84137
84154
34325
84177
30678
84206
32437
35240
35723
32269
84270
84288
32051
84319
84330
84342
84356
31224
31260
30676
32893
36574
35115
35140
84455
84465
38010
84492
35051
35469
35679
36809
33881
84566
31973
34618
35953
35612
30414
27396
84648
84663
38917
30660
84698
84709
38618
84737
35399
39037
36729
34904
32949
84813
39416
38086
34080
38321
34026
37118
32218
84906
33430
31041
84938
32720
84967
31410
84990
85002
32050
35758
33028
36501
34412
34123
36408
31516
85116
85128
85143
37572
85172
37249
85195
36948
36205
85235
85250
37739
85274
34140
34271
34268
33195
35056
35177
39187
42329
37679
38978
85410
38774
30259
35114
37066
85479
85491
39844
85517
31882
36815
32516
85573
29702
85598
85613
85627
31808
37586
35000
34202
31469
36432
85716
37076
85739
34704
36818
35849
34765
34588
34635
36452
26508
85847
85859
36856
40214
37717
33240
37875
85924
85936
37485
38567
35193
35250
34325
38424
86019
31673
37744
86051
38326
86075
33622
35922
35811
86123
86133
37418
86158
32916
36365
33111
41587
32197
35072
34867
38823
38475
40880
34018
86298
33385
32884
32209
86347
34648
86373
86385
38302
39106
36267
37196
34346
39718
86474
33520
86496
35871
36126
41734
36103
39800
86566
32436
36129
36797
86615
36813
86639
40760
86668
86678
34752
86704
38945
36366
36193
86755
37594
39454
31232
86803
42755
37624
38529
38351
38091
33634
37078
38302
37063
86926
86937
37063
39244
86975
40658
87002
36643
38233
37345
87051
87061
35614
36062
87095
35719
34480
37042
40579
87161
33358
35858
40017
37773
32983
38949
41559
87254
87266
34285
43047
38469
43970
36317
44271
42938
34487
87375
87391
87403
87415
34550
37524
39873
87468
45033
87490
40795
32521
87525
32661
87552
87562
87574
87591
87601
38342
87629
37041
37805
87668
39589
36501
43227
39599
87730
37714
87753
87767
87777
38049
32208
87814
37059
37876
87846
87858
87874
36950
36255
43322
87919
87929
43697
34815
41095
87979
87989
88005
38760
88027
39434
36260
88065
41888
38123
88103
39097
88129
88141
88152
38924
39091
88190
88202
35347
38995
88239
88251
88261
39038
88284
41988
36531
41510
37180
43101
39098
88358
39451
36421
39771
41139
38360
88425
38846
39790
88458
88470
37504
88496
37818
88523
88534
34980
44153
88570
88580
37438
41687
88612
37231
88637
32244
36399
41213
88691
38986
88722
34150
88746
37899
37693
35080
33352
36514
39401
88833
44021
88855
43295
42479
37065
37809
39953
39131
41968
35169
38289
41545
42140
35114
38031
44142
35938
89055
89071
89087
40173
41999
41803
89133
39653
38350
89171
38087
33317
36232
89224
39150
41026
45818
39709
89281
89292
34038
37843
89333
39355
89356
40927
89378
37310
36919
42607
40360
37994
39197
38213
36710
89484
40252
89510
37347
89533
45972
43071
35115
41327
37049
37229
89620
89635
46275
36096
38078
40844
89701
44778
46747
37668
89759
36457
89791
37060
89814
41554
89836
43474
40660
37691
89880
40860
37161
89918
89928
39746
89954
39198
42016
35571
90001
36728
41681
39204
44099
43575
90080
90092
90104
40773
40154
40375
41147
40217
90179
43291
42448
39771
37653
90235
90246
39285
45551
90281
34827
90304
90321
40644
43882
39888
90368
37511
40776
45475
41196
43940
38492
30833
90461
40533
41735
36060
36919
34854
90546
44987
90569
38511
40338
43963
90619
39748
38207
39475
41278
39745
38243
90698
90710
40744
43951
39643
90763
42215
38471
43804
90813
38754
43395
37795
90864
43684
45008
90906
44150
39777
39838
90951
40149
38434
42643
37019
38133
42921
91034
91045
31698
91069
39606
35121
40877
91123
38098
91146
43732
37344
91178
43380
45292
40795
42125
42819
37545
91259
41332
43083
39040
42423
40162
41878
91346
39942
91370
91380
43505
42530
91423
43525
45554
43761
43547
42844
43037
91503
41074
42159
40079
38836
91564
35367
41446
36560
45755
42399
40646
37511
39511
91675
44841
45378
40818
37608
46308
45419
44020
42003
38804
91790
45578
91814
40447
39090
41660
41342
45553
35113
47441
42540
37299
45295
44038
91954
91971
43045
45143
43732
45889
41978
92049
92061
49708
38980
43571
92111
43096
92137
36217
39176
41916
92184
92194
92206
39657
43088
48106
39317
41150
92279
42380
92300
43527
40358
40683
41436
38495
41409
39819
44357
92410
92422
41647
42418
46060
44611
39075
41040
43405
38666
41409
92548
92559
36717
41899
92597
42684
92622
43998
40461
42081
42409
41631
42208
44473
42881
42916
92753
92769
49023
44194
42888
92817
92829
43253
38520
92863
92873
37828
92897
45382
92919
42364
42666
92957
41047
92980
92992
42602
93015
47442
40351
41266
93062
45501
41987
43233
93110
41473
44866
93151
40395
42258
41074
42964
93212
44042
44250
93247
41786
38485
43331
45139
43410
43287
93334
39115
93356
45717
43010
93392
93408
52789
93431
41759
93457
41438
93486
45556
93508
51099
44941
47266
36649
37740
43746
43315
43443
93619
44239
45361
42856
93674
44948
44014
93719
38848
46027
45735
38830
93781
37857
40764
48366
93834
93844
43516
93870
93882
45533
38408
46671
46164
38796
44721
43930
47897
93998
94010
94024
94036
94052
46123
94075
44037
94097
41062
94119
94131
42759
45868
45461
94181
53005
94207
94219
42913
43372
94258
40606
42368
45176
44883
43413
94337
46481
94368
37837
94393
94405
94417
44109
44212
46403
50685
94472
39935
41372
94510
47027
43585
94543
42418
39787
45049
47121
94599
94611
94622
45160
43652
94655
48042
94678
50037
94704
42414
43720
94746
94759
43938
47900
94798
49801
43853
44133
94849
94860
94870
45366
45733
42401
44385
94928
43021
47558
45973
94974
46925
95002
49335
44712
95038
43532
47672
95079
95091
95101
50873
41523
41888
43555
44273
95170
43975
45976
95206
95220
41608
42774
44957
45707
46761
42607
95302
47529
42966
95344
50864
95370
47146
95393
95405
42940
46692
41060
48496
46354
95479
95489
44530
47143
44426
46487
43504
41142
39195
95589
50871
45954
44477
95636
46956
95665
44190
45746
46083
44384
43525
95738
95750
95764
45753
47099
47570
43953
95826
95840
97254
45790
54351
97204
45274
51045
97237
43831
47147
46768
48078
42840
43271
43774
41963
49408
46248
46567
46051
47910
48917
97416
48306
97446
97459
49200
51450
51885
97513
49524
46613
46754
46932
97566
51849
43530
97599
49711
51129
97638
47743
47707
97671
97683
47637
97706
97718
44114
97744
97757
44130
44869
49337
44291
97818
97828
43258
44311
97865
45345
45544
97901
48303
48512
45389
48808
49048
45487
97984
48400
51431
98022
46519
98044
48751
50976
98077
98087
49462
50359
49726
98133
56786
98159
98171
51162
49550
49208
44009
40991
98242
98255
52506
98276
98288
50611
44365
46148
98336
45437
98358
42721
49057
98391
98403
98417
98434
44545
52923
98467
98479
44213
98500
46102
98524
46314
50024
44099
49692
47013
51804
48067
49351
44082
49790
98666
51883
47928
45115
98715
50209
48642
98748
51612
98775
98786
48289
53673
56185
44754
43718
45913
49090
98882
47857
47853
46781
98930
49151
47334
51265
50078
99001
47817
43846
48701
51469
52161
47735
46742
99093
52492
45468
48339
99142
46193
56111
48353
50145
52079
46168
49567
99244
99254
48758
45056
51763
48440
50664
47443
49687
99349
99361
99375
48176
48223
48002
50821
99436
99448
47264
99476
51060
99499
99513
51142
47836
99547
46055
49848
44737
47293
48373
45557
49385
99642
44454
52095
51119
50225
44844
46734
99722
45262
48075
99757
50607
53913
48846
51042
99826
99842
50477
47739
54855
50659
49226
48003
49662
44414
99957
48020
99980
51897
52469
51265
26
50461
42275
52691
53228
45748
47801
57784
128
54169
150
161
54843
50416
50398
54777
226
48657
49104
260
273
287
44443
312
49687
51774
51100
48517
374
53207
49720
412
51224
437
51950
51691
47234
54821
46775
51902
50664
532
46330
50666
52848
579
590
601
51083
627
53734
49686
48944
50086
54540
701
53033
726
736
44881
51056
46264
47238
799
810
50656
46599
54198
52851
49814
53009
890
56662
913
54639
49932
57886
48113
48102
52220
45309
52545
1026
1036
53684
1059
52129
52512
1091
54165
1114
1126
49354
1152
52750
51420
52999
51770
50770
54428
52459
50529
1261
1273
1283
1295
1307
56840
52378
50523
51498
54289
54433
50230
51717
1409
48306
51256
1442
44950
53047
53883
44540
54623
1526
57079
51196
52730
54710
53498
1608
1625
51642
1647
49163
49877
42718
55326
52814
50054
57601
53856
47695
53208
1786
49579
47684
1822
48925
52615
51819
50669
55106
52613
48342
1914
50153
55132
1953
1966
54618
53073
2005
53393
2027
2043
55521
53395
52744
2086
52034
48502
52799
2138
2150
52541
53383
50157
55257
51112
54612
54676
47373
56921
2273
54658
2296
57635
49944
54147
2346
2358
47320
52500
50221
48399
2417
2427
55132
2452
2466
52990
56921
2505
50691
2527
2540
49273
2570
54876
52650
53900
53988
50405
50237
2664
53787
53538
2702
51571
52235
53093
2747
51101
2774
55216
2797
49523
2821
50841
54578
2863
50421
2890
2902
57511
55628
2941
50087
53085
55704
49985
46138
3011
3023
54634
3044
48296
54269
55560
56432
52504
47901
54509
57402
50826
56367
52328
53499
51420
3219
55540
3241
3257
58380
3280
56422
49734
51715
3325
56575
3348
3362
54188
3383
3395
53301
50002
50950
56785
3458
3472
53026
3503
51265
3526
3538
3548
54163
57370
55339
48107
3608
52538
3630
50668
56410
52845
57740
53048
51045
54333
49530
54804
54415
53559
56790
54790
53860
3822
56576
56091
3855
54352
3878
50425
52928
45684
3926
3938
52264
3961
43887
53486
51661
53251
51369
48779
4043
4053
4065
57210
50406
4104
54172
4129
4139
49699
4160
48493
4185
4197
55807
52148
53506
54758
57073
55135
54187
53289
52610
54266
4324
4340
51109
53265
4384
55836
52092
57424
4442
52400
56016
60633
4490
57306
4517
4529
55141
53399
53460
4577
4588
4600
53174
4622
56600
56544
4661
55299
53105
52180
56004
58695
4731
54746
53873
4773
57739
48354
51380
4821
54417
4844
56442
4872
4885
54622
56578
4920
53882
54113
51542
58541
52322
4997
53097
5026
56519
53189
53599
57159
55017
53419
5117
54832
53582
52118
58660
57274
55045
52167
54311
55998
54246
61815
53087
5275
53729
5298
54768
57727
56877
58291
55600
52050
5387
5397
55598
54043
52687
5446
54248
56091
5489
54258
5513
54467
5534
58558
54500
54156
5587
56660
56468
56608
50222
5645
5656
5666
5678
5694
52597
57188
5727
56712
5753
49834
51421
5787
55126
5812
55660
58203
5854
61729
52940
53141
58989
5911
5924
57413
58333
56258
53635
52123
5999
54238
6022
6033
54732
59031
55476
51572
52139
57607
56319
6138
54875
52304
55047
6187
6197
6209
6222
56290
58566
60272
6272
55985
54477
53221
52062
62076
6346
57554
55748
6386
53957
54563
55127
54954
58379
6464
59303
6487
6498
6508
54063
6531
6542
57114
6568
56547
6590
6601
55923
6628
56327
56735
56497
55552
58689
55775
56816
6729
55561
59490
55491
6777
55572
57684
6817
54741
55004
53933
58836
6881
55041
6904
58221
55559
57566
60445
6958
58808
57079
56956
55393
63886
58257
50861
53834
63614
57815
66464
53250
53728
7132
60335
52650
56054
7178
57970
54330
60513
57560
7239
51417
55934
56993
60766
7297
54724
54147
51929
7350
7365
63063
60018
7401
55563
59707
61328
7453
52368
57989
7486
55164
7511
57948
7536
7549
53146
56905
59217
52091
57044
58724
59453
58336
7649
61982
56594
55494
7701
7712
60811
57024
7749
54584
57457
60312
7795
7806
7818
54805
55026
7859
62466
60429
57405
7910
58925
62384
59110
56210
54303
56182
60989
55975
57113
56325
59889
55931
8071
60913
54077
65242
8119
8131
57920
60111
60521
8181
57170
8205
62703
58483
8244
8257
56611
60192
59077
57916
61494
57731
58873
8355
59536
55532
57674
50067
63342
57570
56578
57835
8464
58739
57656
8500
58870
62695
8535
55346
57853
59813
8581
60858
8611
58427
54477
8645
58534
8669
8679
54253
60647
8720
63058
61850
61332
8772
57171
53973
8816
8826
60491
59722
62506
59920
61738
61475
54525
59706
56955
8946
58466
8969
8982
8993
61663
52738
57171
9040
9053
58425
9079
63131
60601
62426
9127
9137
52655
54233
54893
54800
62133
60096
59491
9232
59929
60885
62159
9281
55465
54844
59949
61616
64611
9350
59444
56877
59375
10846
62832
10786
58683
58868
64640
10834
57428
60745
58493
10883
66470
56870
57372
10927
63008
10954
70729
10978
10990
11001
61315
11025
61912
65414
11063
64380
11087
11097
58669
11124
63136
59172
11159
11172
58067
60799
62129
61048
58869
59199
62137
59033
11284
54855
11305
63158
60123
11341
57734
11365
57382
11389
61559
11411
11422
58518
11446
60766
11471
11482
59505
59507
63105
62385
11544
60079
61276
62438
60432
59120
60081
11633
11646
11658
60157
62366
62393
64618
58453
64161
11741
62774
62312
11779
70435
62399
64928
64813
63201
62860
57662
54644
11896
11909
66161
57905
11943
64267
65863
61866
58950
61659
65452
12025
12038
62913
58983
12078
61944
60016
12114
63666
59589
62571
12163
60688
12188
12199
59980
63690
57765
63359
63383
65471
63944
63019
60290
12316
12327
61331
59611
63673
58781
65750
63877
62310
12417
61461
12441
67261
12469
67346
69856
58426
57391
59587
62765
12557
12567
61528
60455
60511
62827
61011
64941
12658
61571
12682
61495
57526
62383
12735
12748
12760
66235
64495
12795
64808
64087
12829
59880
69798
62041
12876
12888
12899
12909
63257
64437
63279
62450
58749
65455
62133
13004
13017
63381
61249
13052
13063
60386
60822
13101
13113
53795
63858
13148
60965
67504
13184
60531
65166
68536
13229
64778
13251
64249
63551
58440
60997
62077
59261
13334
13346
13362
65441
65255
61119
61021
60942
61262
13446
13456
60215
66957
60410
63422
65714
13532
68217
61675
65778
66729
13597
60684
13620
13631
63372
58125
62103
61729
58645
62572
66411
63574
68091
13759
67025
13781
60828
64786
63179
63435
69044
13852
67110
63209
59749
63443
64111
64770
63520
13953
63446
13979
64515
14003
58163
59934
62999
61195
14068
67510
63359
14103
60352
63446
62036
14148
65854
14175
63213
62597
14210
14221
14234
58635
14261
57505
68575
61223
65824
14318
67457
14341
60564
67456
63408
62668
14402
62957
14427
14439
66773
14468
64787
58622
67934
14511
14522
60983
14545
62870
64405
14584
14595
71264
14620
14632
14642
14654
14668
14679
68452
63844
14714
14727
62090
62996
59067
57339
14785
14795
67442
14817
65887
14837
14849
60938
14872
63006
14894
68713
64972
65649
14944
14955
14969
70699
14990
15002
64414
15027
67733
65541
65216
70599
66137
64281
65257
61182
68193
61661
65476
70391
62065
65256
61703
58710
59963
64964
68019
65438
64088
66753
64501
63291
65855
15342
67258
66630
60737
15385
65068
65449
15423
15435
63826
69086
15472
63488
71362
67618
15524
59875
66621
15557
65153
15580
63393
62568
61715
63835
68868
66375
62104
15677
63915
67813
15717
62775
67857
62156
67729
62477
64802
15796
15808
69286
57295
66509
66795
15867
65578
15895
15905
68840
15932
71539
64581
63822
67499
58721
16007
68609
63311
16041
65768
66514
69861
16091
62939
54356
68995
16139
70636
61277
66586
60746
16206
64035
66005
16244
16256
63282
64716
16292
65208
16313
16323
68049
61402
69462
68806
16384
67764
64183
64638
16431
71554
63351
72722
16483
69057
64664
63235
67297
68539
16560
68408
68630
65122
16617
16627
16641
16652
71362
66592
65047
67350
68679
16730
71759
68556
68069
66329
69045
66590
16817
16829
16844
16858
65493
65468
68493
16906
68866
67868
71979
16958
70309
66383
61782
68393
17028
65007
64727
17067
62947
17100
67427
70641
70001
17164
69488
72639
63710
72144
66149
67340
17269
17283
70164
73486
65238
62960
65550
69412
17376
65321
68899
17420
17434
64129
17462
17477
69402
17501
17516
69273
69067
64536
70639
65339
74760
64743
66987
17647
17663
68454
68603
17698
17710
66154
17739
66126
64788
67144
68024
68172
74964
69649
64828
64788
64229
17872
71692
69029
17908
70159
17937
63119
68590
17974
63392
68783
71113
67038
67602
68544
69784
18089
18100
18111
59895
18134
73484
68835
18177
69581
18199
71750
18224
67481
72132
64096
72594
70191
67557
63076
71452
58717
64652
71307
66559
18372
18384
18395
63957
18424
66065
18447
18463
70074
66094
18501
18515
69925
65364
68467
69976
18579
68548
18604
18618
69158
18642
69013
62454
18678
78361
66387
64515
67454
68999
18753
18766
70939
63384
68863
65106
71568
72740
69465
67723
64314
64007
18918
71698
67143
64972
66087
70664
18984
70933
19013
69583
70084
72253
19062
71067
19086
70731
19110
68773
19134
19146
71864
19169
67871
70645
73300
68720
71238
75688
68984
19270
72442
70410
19307
19320
19331
19343
19355
67303
65932
19388
64850
19411
19424
73543
19449
67976
69395
69196
69984
19513
67064
19537
71570
63353
19574
64546
73741
68157
69214
19632
71106
66935
60210
19681
67830
72894
19718
70641
74921
65372
66606
67898
71326
71215
19829
19842
72727
19868
69234
19893
69670
19919
69882
19947
19958
19971
19983
74978
67895
67918
66655
20046
20065
66159
71489
66430
65611
20133
72454
20156
72594
20178
69742
69108
20212
68137
70745
20253
20265
70516
20289
69740
76174
67593
69220
20350
70452
63180
71600
72783
70709
20421
72317
62284
69785
70530
72120
77957
20504
69568
70501
20542
72695
77862
20577
73246
70245
66755
74421
20636
68008
72169
70264
70764
74712
70520
20723
72100
69128
67923
78441
20788
75708
70963
20822
71031
67554
20860
20872
68840
73110
20907
71960
71047
69842
20952
20966
20976
71300
21000
72798
69056
21034
65390
73571
69786
72567
21094
68529
68465
70198
72882
62835
70380
66555
72575
21205
68687
21233
21243
76666
69424
21279
73255
73582
72334
65384
75078
70303
74862
21376
69707
63832
21415
21426
21440
72388
71095
68740
21488
80877
67663
68142
21548
74753
67067
70473
69653
71950
21619
73037
66849
21655
71322
68574
71412
75186
21717
68757
21739
72099
71803
21780
21790
77489
74443
21825
77638
21853
73630
21880
21890
72416
68869
76471
21940
66505
21965
21981
72197
22005
73533
22029
71209
66904
72827
76404
76004
73729
75288
71051
75231
75465
75069
73079
71875
74731
22214
73471
69916
22254
73979
22277
22290
22300
74860
22323
69521
72384
73601
22374
68321
70597
75404
22425
22440
68450
74593
22475
75902
68484
79648
22525
22536
72888
67913
74582
69120
71934
70320
73337
75141
74423
22657
72157
22683
73165
22706
72329
75908
22749
22765
22776
71207
68578
72571
78170
73077
22851
22869
71017
72274
76067
64895
72094
22939
72652
77134
71592
69786
72293
72632
69161
75302
73533
23062
70569
23086
23097
73980
75729
74142
49188
97724
49126
49138
49154
98093
97819
99080
96828
95081
96790
98456
95827
1338
98178
9055
49304
49316
49327
99640
435
49365
49375
1170
2800
5732
1231
94706
420
97485
763
96942
3773
95454
49524
1635
3054
95931
49569
97343
94870
93162
95557
1465
98430
3488
98300
256
49682
49693
99864
49716
49727
96823
97974
777
1260
97806
49807
821
225
97544
99571
733
977
49902
2531
96941
49935
49948
49963
665
4472
97810
2454
50035
50046
50059
1078
95926
50093
50105
3101
96900
50145
50162
98293
99323
97403
50218
99234
50242
50253
50264
2160
99945
1895
50316
1003
1201
97271
96872
3625
50388
3862
99566
50422
97760
99698
50458
96586
99920
50497
958
50520
50535
98992
50567
50578
50591
4789
98976
99736
99632
50650
50661
689
97119
98147
2845
99762
2179
5561
50768
95562
99905
5172
98325
50850
762
50876
1176
138
50915
50928
7896
98442
2060
98819
50990
51003
51017
51029
1855
51051
98615
2792
94483
3104
662
400
2550
768
99894
51194
97375
2763
5199
1084
5266
8862
2000
99941
96911
51312
51323
1732
51346
4014
98679
361
215
2034
51417
51431
9206
2440
96473
3303
99214
4144
51511
3142
99838
2912
2548
51571
51584
2066
373
51624
51635
51647
3922
51671
51687
1518
99321
51722
99563
3018
97355
98730
97892
51791
51801
51814
4017
99747
6709
98421
98116
96529
5789
51903
98334
51929
1940
2272
3753
2536
4553
869
3017
1869
52037
98347
52060
4699
52084
97755
2420
99515
52131
52142
131
8095
3308
4522
52198
99534
2694
52238
2827
6367
3213
99792
52296
52307
98221
1696
3782
99586
3684
98
98636
1730
321
2633
846
1282
52471
884
1329
6059
1536
52532
6342
994
52572
52583
52594
6277
2301
52635
2915
52662
954
2096
4439
52709
52721
52733
99343
52762
52775
5997
52800
52817
52827
2673
98617
52864
52880
52896
2082
6113
97748
9604
3760
52970
52980
8443
672
2416
99093
53040
53052
188
98514
3791
3512
99437
2745
53132
6437
53158
53170
53182
53193
3921
53216
53228
99949
53252
5262
2478
53290
53301
53312
5064
2349
1130
4663
53370
97895
53393
5236
9047
53427
4812
5384
447
3534
99981
53495
98242
8332
6300
53549
2370
5036
53583
53594
4765
53618
3421
53641
673
99559
53680
3486
53711
1929
53735
53753
3533
53782
2975
2577
53819
53831
1596
53852
4941
1110
53893
53905
1138
53930
1729
53952
53964
4700
3150
54004
3183
7223
2893
8814
4812
6711
6057
806
3131
54125
54138
7616
5490
4840
5824
54197
3637
54226
54237
54249
2151
6085
5427
2922
7366
54324
54335
54346
54357
54369
54380
54398
54415
6803
2152
6993
4789
54488
54500
54513
8984
99496
54557
54571
99692
5000
54614
4144
54642
6325
54664
3449
54686
8299
54707
1207
54734
8916
384
54778
54792
4862
6114
7069
5867
54859
2462
87
5028
182
54925
6149
6029
6036
54971
2550
54995
2066
5530
4226
365
5320
4286
55094
4707
7210
55135
6924
2618
9772
55185
6994
11056
3742
5021
7979
5086
6828
7198
55290
55302
8511
7135
3899
6388
11908
6959
6478
3094
55419
3256
55443
11881
4937
55483
55494
55510
55521
2034
55545
55558
55570
55581
4429
205
3535
1254
55642
6833
55664
8479
5789
7272
5808
2988
7646
7484
6280
55776
5696
55801
3564
55826
55839
55850
6466
55874
6804
55898
55909
6586
4346
10493
14426
8718
6356
13146
56004
3006
5705
2923
4149
56060
56074
1653
56097
6902
56121
3699
3283
2756
5309
6667
56198
5356
56225
11336
56248
9981
4246
7674
6603
9843
5849
4453
3690
1100
56363
6268
7308
8693
6849
5571
9736
6062
9057
56479
56495
56512
7283
56535
56545
6428
56568
56580
56590
56602
7150
7819
4193
56649
56659
2777
9893
5584
56704
8155
10647
7666
56746
56757
56768
9335
56790
6562
5422
56826
10950
1126
56864
2652
56886
1997
6403
8583
56935
4073
8862
56975
56989
57001
4499
8323
5991
57057
5365
6193
3794
10179
57112
287
5870
2274
57156
7686
57179
6667
57203
7276
57227
10398
6203
6435
3863
10862
57304
57318
9442
4611
57351
57363
57379
9695
9481
8777
57428
6752
57451
6009
4762
57489
57501
6072
57522
6632
57544
57557
3432
5432
57596
10762
57619
57630
4466
9199
57675
4035
4372
9845
11497
7920
7761
5009
57768
7262
8412
5342
57820
9465
5334
57859
4984
5042
5781
57908
9361
2520
57948
9584
8144
57986
4894
58012
58024
10463
6100
6965
58068
6694
8015
8578
7505
8365
6968
58158
58174
4374
58202
13135
9703
58234
58245
58257
8538
8359
9981
5734
58313
58325
7114
6460
7703
10377
9886
8598
7484
8089
7144
9442
14408
6490
6358
8559
10834
7846
9351
3876
11278
2285
10786
7584
11882
4257
7959
6218
5377
3211
58696
6664
10934
272
58741
11780
10961
9500
58791
10660
10318
58834
6880
8576
8586
6564
7610
8753
58917
58927
6287
58949
9059
58978
8200
17326
59015
7242
59045
59058
6981
8161
6172
11075
11402
59136
3203
8227
11514
5240
9234
59202
9314
8611
59237
8854
59259
11620
11868
59293
3831
6966
6821
15776
5960
12445
12571
13350
9928
7470
9199
59436
59447
4668
13107
10781
8803
8174
4030
13010
8934
6581
59563
59575
9623
9245
59609
59621
59632
8306
59655
11258
59679
4753
7024
59712
7811
6905
9550
59759
4323
9441
10272
59805
10018
12066
11354
59852
10093
4365
13528
59901
11868
7511
59937
4387
8370
12820
9269
59994
6829
9701
12558
60041
60052
60064
10974
60086
10027
9585
60122
7218
15119
6095
11171
14629
11355
8454
8793
11654
10881
60251
13451
60273
11506
4516
15372
15021
12848
3772
9016
60371
10722
5746
12761
9426
8154
60452
9387
10725
60486
60499
19306
12433
6669
8151
13736
9972
60584
60597
11779
10653
9918
2311
10895
15436
8374
10078
13870
2698
8828
5635
60758
60771
9813
14900
60805
10972
9863
9893
60853
12422
9922
60886
10774
60910
9423
6493
60943
13608
9898
8857
60996
8278
9499
16451
12277
61063
61075
7879
12346
14749
11955
13981
13718
4547
12294
9793
10708
61211
14112
61236
61246
4982
9414
61283
11189
8943
61315
10193
16843
11605
61361
12815
6882
8921
13120
63946
12484
63885
63898
11968
17741
63934
10528
13845
13466
14776
9539
9971
10474
8664
16108
12949
23827
15643
64089
12908
64115
64130
9919
16389
11759
15905
20510
16010
9486
15201
16648
14049
64269
64283
18567
10249
64322
14748
12330
64358
64368
12143
9671
7964
10359
16268
13234
64451
13104
64475
64487
64498
15107
64522
64533
11630
64558
13877
64582
12693
12078
17431
16216
64642
12399
13186
14383
15546
13539
12226
13185
64736
64749
64759
9786
64783
15490
64806
64817
18361
16203
13109
16469
16029
23528
64902
18021
64923
13627
64947
64960
14893
20110
12377
65008
65018
65031
14674
11614
11576
16073
65091
65102
16987
65125
13290
14124
65163
65174
65189
65201
19679
65228
13178
14503
13779
65277
14724
65300
15761
65324
65335
13770
65358
65369
65381
19580
13767
14527
14425
65443
14993
15482
18478
11614
17934
18377
65542
65553
15058
17463
65594
16754
14167
19404
15003
14498
14621
65673
65689
16721
13619
15935
14119
14675
18999
13340
65786
18484
10633
18180
22334
65848
14525
13532
65890
19830
65917
65929
25692
16525
65965
65980
65993
66004
15693
16362
66040
66051
16405
16220
18113
21435
16789
66124
15090
16547
66159
66169
6387
13925
11897
14212
66231
16269
16861
66270
66287
13634
18270
21640
17651
17881
66354
17353
66375
17572
16869
66413
12362
16191
66450
66462
18542
17032
14221
66516
14045
14366
66549
14889
66571
17422
16774
16300
21997
16795
66643
21329
14786
18889
14561
21677
17481
16048
13296
12623
13360
15064
13831
66799
11760
66822
13190
66850
17285
66873
20139
66895
13942
66918
16293
16549
14406
16525
20220
16319
12858
16551
17219
67031
67044
15480
21183
14055
67102
15176
67125
15900
16511
67161
14400
15341
14912
20963
17975
15135
67248
19100
67275
67286
15698
67311
18728
17490
67357
13155
19787
14936
20257
17618
17260
67438
13666
20557
16509
15767
16908
19251
15305
19857
19123
17871
11707
17882
67601
14065
16642
15950
17276
67664
67676
24345
67700
19840
14732
20926
18028
67763
16765
24721
14947
14937
19056
12145
19382
67864
67875
67888
18699
21410
19353
67932
21006
67955
16090
67979
67991
19592
18264
19844
21694
17615
21273
19303
17374
68105
21402
68128
20049
18304
23687
19224
17369
18345
21136
21280
17077
68245
68257
15153
22619
68289
68300
20983
18054
25456
11391
21475
18570
68396
68406
68416
68429
68439
68451
68462
20927
16573
13489
68514
68526
68544
68555
22193
17764
68595
68607
20800
16385
68645
19414
16449
68681
15014
15926
12693
12651
16945
21675
19534
68780
68792
68803
20924
21631
15886
20968
15266
13203
18921
17774
24406
17510
68931
10410
19624
68967
18914
15382
16998
18321
69024
21958
15485
20266
17039
19525
69096
20623
11844
15444
21733
12016
69173
15341
19518
23409
69222
14750
19647
15290
17504
23760
18208
19708
15264
17031
69340
19126
69366
18151
16405
69404
19939
20459
69440
19655
22493
18901
69488
69499
69514
20544
69536
69552
24673
17464
69587
21365
20819
69619
16347
22533
21646
69666
21514
21734
21688
18407
18626
22034
16772
24461
16385
18144
69796
21770
69819
18542
23093
69854
69867
69877
19899
69900
24771
21841
18523
69945
23154
20908
18542
19849
70011
17259
23446
20802
18028
17899
24013
70100
15511
20128
70131
70144
25605
70167
25102
70190
20289
70218
23101
21399
22813
25333
70280
21108
21797
70316
20223
70346
17618
22276
70381
20907
21930
21221
23496
15934
17585
22656
70488
21278
22265
16462
70534
22584
70561
70572
70583
70594
23292
70616
22455
24151
20332
17550
24488
25312
22976
20494
21423
21727
70750
22715
23200
70790
70801
22526
70830
17277
70858
20113
70887
21604
21459
70922
70935
70946
19079
17673
25305
70997
71008
19082
71034
18313
16517
24544
71086
71096
71107
71120
23142
21788
71152
23827
19469
20927
21605
15184
20338
23467
22228
21218
18827
71284
71294
71306
24528
15117
71339
31021
71369
20109
19835
21868
23978
18372
71442
24263
24203
71483
26895
21996
16954
16644
18347
23048
71580
71590
71603
23513
71628
71638
12292
20077
71673
71685
71698
20694
20018
71735
71746
24833
19516
14942
71791
18856
23435
71826
21338
71848
71858
18270
23683
19640
19006
20761
22477
20041
19030
71967
20947
20078
19272
21298
72025
72037
20583
72061
27643
22578
21804
22592
19288
72131
22567
25650
72166
22036
72187
25077
20012
20644
20634
28028
22480
12813
20045
72298
72311
26901
26013
24615
22598
19400
72386
26175
18565
21043
25311
72450
21724
25464
72495
22457
20014
72537
21489
21145
72575
72585
23456
24051
17211
25697
72645
24054
22718
72685
19588
24180
26863
25291
26256
16829
19788
22529
22123
72808
22203
20272
20364
72855
19934
20136
25984
22168
21838
72935
20978
72956
72967
24860
14826
20455
20442
73020
20198
73042
22379
22469
25001
21490
19698
19031
73126
22783
21856
24103
29123
73190
20032
22804
26930
22561
24064
73265
73277
16998
20462
30979
24245
26597
22724
22956
23570
73384
73396
23365
24818
23512
17966
26281
73464
22383
19055
73504
73514
25378
25035
73547
73558
24935
22039
23307
73605
24870
25114
20729
73654
73665
22744
23784
22954
22530
73724
22461
22703
73758
22210
73781
73791
29214
21972
73827
25804
26130
22009
19562
27799
22421
22345
23472
22648
22257
16383
73966
73978
73989
74001
17825
20799
30580
24780
33428
21825
28062
24975
21470
23723
25720
26202
24131
74164
21300
74186
24531
74209
18389
22905
23965
27739
74270
21696
24649
23506
74324
74335
30033
26987
25425
22531
21644
22850
21747
24064
74453
29011
21121
74489
24161
74512
74524
74536
26784
74560
25687
24813
19084
28248
28946
23557
22457
22519
23597
27776
74698
74710
26759
24421
24896
23140
21009
74785
74798
24742
74826
74837
74851
74861
20132
24926
28590
74917
21261
23140
74954
28159
74982
20992
25651
75017
75027
75039
26562
75061
21899
24763
24865
29809
21659
27028
75150
29649
75173
26963
23354
24695
20441
75234
22392
28435
25617
25023
26474
25348
75329
30688
75355
28188
30580
23224
29142
28557
75431
25800
29625
25868
75478
24884
25678
19802
75522
24567
21736
24607
75571
25461
75596
24110
26570
75633
27884
24583
75666
25362
22961
75706
75717
75729
22178
22286
22561
27028
27135
24536
24486
75831
26627
23876
75868
22260
23426
25161
20863
24182
24088
26969
75966
75977
22816
30046
26378
29339
28434
76049
77977
26513
77918
26464
77939
23643
25889
21155
26223
77997
23871
78022
27246
24617
28503
30361
78077
27287
37614
78117
32270
78145
78156
30405
25774
28994
78209
23499
29214
26278
78265
78277
25172
27904
33501
30428
31847
31768
78366
28424
78389
78401
78413
78427
78439
24831
78461
24478
78484
29093
27015
25007
78536
26767
23979
25032
78588
24034
33406
29478
26383
26239
26707
30866
78687
25554
25725
78722
32156
27230
27243
78769
29477
31701
78803
32348
78830
78840
78851
29870
24718
29479
32006
28944
30694
26667
28875
78969
28113
33233
79006
28022
25593
28936
30945
26163
32521
79093
23465
27266
26050
79144
32872
25271
30652
26649
27003
26777
79237
27398
33883
30746
25742
31233
79317
28787
30071
79356
27726
79379
28383
79401
79414
29443
32437
79452
31595
28513
79492
34312
79519
34396
36906
79553
32254
79578
79588
79598
28569
29225
27503
29364
27344
33495
28935
31989
30803
27562
33085
79749
32116
36270
28029
79801
34155
79828
26193
31125
26825
26917
31293
29511
30869
32802
26891
79956
33177
30314
29484
25782
32488
34566
80036
28168
30412
28279
80082
32751
80110
80120
80133
26709
80155
80165
27719
30262
28380
32591
27871
80233
35562
80256
28568
29233
25728
29574
80321
27600
80342
26291
80364
26745
28372
37411
80410
32289
30255
27475
32729
29431
27928
28639
27254
27154
80530
30233
30466
32759
29417
35453
27166
26863
25277
28841
31415
29982
30158
80684
30692
80709
32510
33457
33311
80760
80771
32032
80798
27109
23045
33462
33018
26517
31817
80881
35493
34937
32063
31031
80942
80954
31569
80978
30573
81005
81020
32419
28551
81055
81069
81079
29861
29424
30563
81130
28396
33974
32157
37122
81193
32154
35099
31534
29134
27540
32667
81277
25674
81299
29743
35613
28261
81345
34136
81368
30267
31661
31711
81418
81428
81440
30429
81463
30086
28848
81497
31660
30233
30878
31358
81562
31408
27351
34950
33603
25408
81630
81642
81656
26480
81684
81695
81707
81720
81734
31146
27198
30813
32563
81797
34049
32240
81839
28735
81861
30403
28192
27027
32198
32642
33750
32521
81962
37691
33979
31279
29933
37698
30577
82048
82060
33377
82089
32076
82115
37759
29321
82157
30266
32244
31250
82204
82215
82230
35007
33721
82267
33742
31490
31489
82314
32911
34248
29374
28260
33124
33051
32818
30625
36562
36253
82454
32937
29358
31705
28442
33954
37002
29492
31181
82568
36226
29554
26528
35803
35854
82641
29090
36359
33156
82692
32310
82718
32719
38614
82757
82770
82783
29930
82811
82827
31385
33887
34159
82878
33430
82910
82922
34079
31572
30812
31866
35366
82994
28127
83016
36745
83048
33136
30696
83085
32041
35982
83126
32276
36817
29457
37393
83190
83202
35897
83234
37675
36859
83273
32189
34333
30026
83317
34502
34701
32670
35604
34398
83394
83410
30319
83439
34667
32982
33840
83494
31848
83521
34038
32735
28873
33829
32792
83593
33201
83617
83629
83640
40212
34103
38693
31735
83708
35971
83731
30741
26895
35689
32030
83797
83808
34756
38864
33694
32607
35447
34964
31580
31582
37123
34672
83946
83958
29507
31444
31624
38941
84029
34128
34801
32490
40258
36651
36413
84124
84138
84150
34056
84173
84189
37540
34011
84223
31958
34154
32083
84272
35253
36486
33380
84327
36096
30052
32755
34091
84396
84411
34663
35820
30496
84457
31459
34158
31376
32602
84512
35178
34560
36548
29728
38887
84589
37343
36859
84624
32067
84649
31197
33701
39967
84699
29245
38442
32708
84744
35065
38304
84782
32916
31508
29565
34617
34738
29627
38007
41018
32165
32596
34979
35924
34555
30512
84974
40183
85001
39442
36625
85040
34794
35473
85077
85087
32665
33933
35251
32491
85150
39920
31284
38401
34093
37517
36667
32924
38258
85267
33208
33233
37461
85314
85325
38142
31288
31315
29644
35307
85392
34300
85414
41513
33895
36926
33821
41643
37450
85496
37443
26165
85536
34074
29589
35345
33892
85608
38200
33388
28813
85662
32726
37305
39787
35208
33288
32140
37553
33197
85783
34756
85807
85819
85830
85841
38964
33245
85881
37371
34041
34451
34780
35682
36444
36031
85981
33535
37971
38126
34387
40930
86058
33425
86080
35099
42668
33939
37859
41070
34290
39094
86175
37307
35851
38473
36456
33257
38379
86257
36192
34899
39167
86310
35578
86332
86343
35112
86367
35321
86388
86399
34990
36132
37493
35379
38180
40337
86487
86497
86509
32013
86533
43479
86556
37546
86587
30667
32254
86620
37134
86645
86657
39033
36125
42558
33768
35602
39818
36831
86751
38241
39161
37085
34462
35305
86825
35063
86851
86864
86876
86890
32393
32958
41003
37136
86950
35690
33119
37927
42946
35027
33855
36626
40753
36384
38439
87091
34016
32857
44800
87146
42066
32790
36491
87193
87209
87221
35192
87245
36037
39322
87280
36195
32866
87315
41837
37652
36719
36888
87379
36700
32439
32534
87430
87444
87457
41550
38328
37324
36329
87523
43756
35901
39294
35014
87588
43010
41535
37391
34786
87653
33355
41592
43496
36137
37817
39566
35179
37135
39458
37378
87784
40145
37438
35082
87830
47217
34003
87875
87891
41866
36808
87931
38723
35083
41266
38312
31078
32168
38174
37743
37871
88048
38668
39789
37284
88102
39377
38443
88142
36309
40452
40160
33252
88203
38732
35185
42152
88272
47076
38243
88306
88318
32831
41094
40588
88366
37913
38491
88401
36003
88433
37367
37534
41693
88477
40548
40094
44303
41338
36536
88548
88560
88572
34757
38070
41158
41172
37254
43820
37796
88682
38524
40346
39362
37083
41929
88753
34763
36655
47068
88808
40335
88834
40303
38223
34224
40892
40904
38245
43104
39647
43726
38009
37985
34211
35140
36622
35071
38442
39583
38074
89078
42465
41216
44460
89127
89139
44352
38300
89178
40737
89200
36955
89225
37855
89252
89262
89278
42883
37900
39403
39126
89335
41803
38458
41979
41779
40415
89417
36281
89439
89450
39394
89476
44903
40729
38714
89528
37322
40799
40128
89576
39791
42170
38421
46418
38244
89647
42072
37198
38933
42354
89708
89718
89729
89740
89751
89762
38640
41192
89795
41571
36153
89829
40513
38218
35484
42920
89895
89907
38196
37693
40575
43504
40909
89982
89992
40308
39923
43817
40125
38873
90066
36724
46695
39974
45452
90125
90138
41900
90164
90177
90192
39493
36080
90225
90235
41455
40183
41178
43014
90293
41046
42306
43701
43278
42971
96100
48087
96040
43937
44122
49895
96087
42681
45997
96127
42001
96153
45376
42748
48409
45101
96218
44903
96246
46563
96273
47159
44441
96311
48052
96336
43909
96364
44329
44412
96399
96412
43307
46039
47370
46289
44110
44440
96494
46600
46565
50241
96543
46496
96566
45777
96590
45059
96615
96626
42996
96650
48204
43160
40616
44918
47721
43182
49044
96746
44414
96769
47171
44489
44258
45625
49019
46631
52620
43745
43161
96889
46934
46814
96926
41894
47469
41144
45303
45247
48607
48167
55666
97040
50159
46349
45766
97086
97099
47032
52249
44516
40646
97157
97169
46812
97193
43714
97215
47878
51518
42414
47386
50336
97288
44217
97312
47180
45251
97349
48903
44825
45325
97403
45351
97432
49720
45230
48941
43017
48611
48635
50722
49197
48272
45543
97570
49634
48166
49616
47156
47646
97647
97660
48825
50101
50545
52803
52527
47138
42517
97758
48904
52135
97799
51585
97826
56718
46525
47468
97878
47128
97906
97922
54894
48768
51550
46880
97991
50687
47806
45179
98038
48865
98062
48138
98084
48131
52037
45652
98133
98146
47352
49570
49181
43535
52438
50976
44400
51457
47248
46797
98282
98295
50345
46409
46455
98348
98359
98372
98383
45709
47392
50070
98435
49847
98459
98471
48165
47479
98508
50902
46183
98546
53875
50187
98579
49956
98602
98614
49811
98637
51918
49692
50471
45060
46688
55728
50791
50605
98754
45790
98777
98788
46244
46955
55398
52313
48729
48780
44854
47730
47526
51481
98925
46803
47150
49724
98972
98982
98995
45602
99019
46073
48717
44896
99064
99077
99087
53446
99112
99125
49234
52296
51090
46869
46579
46655
46539
99226
99236
51586
48924
99273
53849
48878
51453
48804
99333
46308
99355
50423
99380
99391
48174
47738
48876
99438
47980
52138
43916
99491
49430
49383
50474
54013
49857
99564
49770
52118
54762
43999
47558
99641
50815
46589
99675
99686
52824
49340
50931
99733
51275
99756
49176
53631
52154
52352
49422
46803
53283
99866
46064
48563
99905
49540
99928
51657
54267
49918
99983
55755
5
53731
31
50086
47206
45938
47748
94
44411
42684
129
50277
153
165
53676
51620
57757
53274
48057
238
249
263
50330
54630
300
313
53970
49892
53551
51582
49655
49438
53686
53108
425
440
47479
49139
483
496
50488
53451
53600
49398
568
44991
51689
49844
620
44122
52221
55467
49930
52148
695
45405
49921
733
51910
757
768
52554
794
46699
51565
51494
51262
857
49075
55013
49265
54526
912
49256
46111
954
46902
978
55466
47955
49644
1030
54689
48019
47167
47116
1093
1104
1115
48855
50840
51626
1162
50779
1188
51189
52296
1228
1241
56753
48399
1276
52677
1297
53034
52357
52630
52026
51175
53932
1386
47834
57007
48317
49293
50348
1465
53917
46614
56162
1515
1527
1540
56880
51614
52419
48421
1597
54476
54079
51748
49470
52514
1666
53160
54383
1703
53387
1726
50512
1754
1770
1782
1794
51558
1816
1829
54136
51911
1865
54115
1891
48007
50925
1928
53052
52804
1968
50837
50144
48716
52775
2028
54306
52559
54949
48796
2093
50112
48812
50568
54432
2153
2164
2177
2187
2201
2211
53525
2238
2249
54999
2273
2285
2296
2309
53920
2331
47583
53556
51862
53409
58929
2403
55824
2428
50407
50278
48329
2475
52793
50715
48774
2519
2530
2547
2560
2571
2583
2600
51037
58806
55879
52779
2664
2674
53089
2697
2708
49474
2731
50257
56097
2774
2786
2799
50618
51242
2837
60006
52433
55057
51951
51592
2908
49972
48624
51373
52664
51341
52351
55745
54394
49071
52382
50380
49949
51175
53640
55343
53352
48298
3140
48558
55113
51732
3189
54069
54925
53629
52380
49678
3259
52513
59355
54163
3304
43231
52829
53262
52461
50495
53760
58460
54182
48181
3425
53477
56404
48914
56942
3484
3495
55371
3517
55540
54187
3551
56225
51867
53325
56951
51512
52739
55869
54630
3659
58593
3681
58452
53725
3717
54323
53007
54063
52082
3774
56785
54056
51784
56377
50777
53604
3860
56608
57779
3899
54398
3922
56400
49041
50744
3964
52539
57052
3997
55699
52814
55966
4044
54613
55113
57282
48113
56095
53213
55757
4135
53797
4159
4171
50754
4195
53792
55124
53657
53724
4259
54333
4280
4292
55423
53161
4331
4345
51431
4367
4379
4396
4410
49236
4432
58555
4463
54217
54979
54205
53643
4521
52072
54968
56577
48360
4579
49552
58745
53161
53044
4637
56110
51939
45213
4683
52831
57635
4716
55848
54392
57014
51549
51801
56924
56206
50966
4829
57713
54659
54216
52077
54651
4896
54857
50297
4931
57038
4954
59949
4976
58323
55859
58154
5025
5042
5053
56463
5082
5093
50255
56590
59272
5144
58666
57596
52197
5196
5207
5218
5230
57606
54699
54761
5283
5298
5310
54578
54248
5345
52549
55127
55653
55474
52863
55481
57389
62908
58432
54876
57409
51536
57003
55715
54072
5543
55203
51722
5595
56547
56544
5637
49795
51457
54170
56194
5697
57070
5719
5732
56788
54706
5772
56981
5797
5809
56023
56284
5847
5860
5872
5885
5900
5911
5922
54838
53496
50910
57648
57489
55971
55533
57388
6035
55759
51180
57321
6083
54972
58108
60199
56981
56447
47838
55386
51561
57582
6211
53694
6238
56561
54177
55362
54178
56069
6318
60350
57356
6354
60102
57009
59887
6401
58250
53865
55497
6456
6467
6480
50304
59870
6520
53731
6546
52698
6571
6581
59785
52098
55504
6627
56980
55576
58069
60395
6686
57995
6711
54674
54333
54859
58456
54179
53602
51384
56739
62600
54341
57151
6850
6860
62669
54131
60784
55673
6922
55019
6945
60864
59546
6983
53776
7010
55092
7030
59517
52856
59571
56240
54338
57859
56426
56080
56048
7142
55009
7165
60265
55166
60103
58113
56911
57389
54210
58510
7277
58188
7300
7315
55112
7342
59901
7366
54563
57428
58645
55356
62900
7443
60451
55435
61964
54552
7507
53010
65802
60061
59070
56229
54409
57272
58881
62318
65091
58876
53097
51072
7672
61750
56770
7709
56063
7733
53878
55359
53809
55728
58322
7804
58985
54981
57122
49516
7864
7880
63093
57447
61656
61071
7942
55696
57680
7979
54789
8004
59256
52318
56644
58898
59227
8085
59632
56190
58413
60527
63114
60812
8171
54932
53867
56610
8215
58050
8242
59482
54700
55427
59940
59172
58434
56731
